Number of cpu :  80
TimeToQueue:  -64.85202741622925
BPP: [0.9969999999999999]
SHO: [1.0]
STAT: [0.9999375]
Clauses 480 took -2.5696918964385986
BPP: [0.9969999999999999, 0.24525000000000002]
SHO: [1.0, 0.9807499999999999]
STAT: [0.9999375, 0.9917499999999997]
Clauses 568 took -6207.158849239349
BPP: [0.9969999999999999, 0.24525000000000002, 0.000375]
SHO: [1.0, 0.9807499999999999, 0.09037499999999996]
slurmstepd: error: *** JOB 408104 ON cn011 CANCELLED AT 2023-04-19T13:49:00 DUE TO TIME LIMIT ***
