Number of cpu :  80
TimeToQueue:  -1.004495620727539
BPP: [0.99]
SHO: [0.99]
STAT: [0.9834999999999999]
Clauses 30 took -53.78552722930908
BPP: [0.99, 0.88]
SHO: [0.99, 0.88]
STAT: [0.9834999999999999, 0.8416999999999996]
Clauses 37 took -3.674729347229004
BPP: [0.99, 0.88, 0.73]
SHO: [0.99, 0.88, 0.73]
STAT: [0.9834999999999999, 0.8416999999999996, 0.6282999999999999]
Clauses 45 took -18.344939470291138
BPP: [0.99, 0.88, 0.73, 0.36]
SHO: [0.99, 0.88, 0.73, 0.36]
