Number of cpu :  80
TimeToQueue:  -1.091470718383789
BPP: [1.0]
SHO: [1.0]
STAT: [1.0]
Clauses 160 took -27.21494698524475
