Number of cpu :  80
BPP: [1.0]
SHO: [1.0]
STAT: [1.0]
Stat time to solve:  -23.400557041168213
Clauses 150 took -23.400575160980225
BPP: [1.0, 1.0]
SHO: [1.0, 1.0]
