Number of cpu :  80
TimeToQueue:  -1.540395736694336
BPP: [1.0]
SHO: [1.0]
STAT: [1.0]
Clauses 60 took -23.057263374328613
BPP: [1.0, 1.96]
SHO: [1.0, 0.96]
STAT: [1.0, 1.0]
Clauses 71 took -61.57438945770264
BPP: [1.0, 1.96, 2.7499000000000002]
SHO: [1.0, 0.96, 0.79]
STAT: [1.0, 1.0, 1.0]
Clauses 82 took -40.35084128379822
BPP: [1.0, 1.96, 2.7499000000000002, 3.2199]
SHO: [1.0, 0.96, 0.79, 0.47]
STAT: [1.0, 1.0, 1.0, 1.0]
Clauses 93 took -114.81494951248169
BPP: [1.0, 1.96, 2.7499000000000002, 3.2199, 3.4799]
SHO: [1.0, 0.96, 0.79, 0.47, 0.26]
slurmstepd: error: *** JOB 407716 ON cn069 CANCELLED AT 2023-04-18T01:02:37 ***
