Number of cpu :  80
TimeToQueue:  -64.85202741622925
BPP: [0.9969999999999999]
SHO: [1.0]
STAT: [0.9999375]
Clauses 480 took -2.5696918964385986
